.Random.seed <-
c(403L, 10L, 1774184906L, -608778452L, 211310383L, 464549349L, 
864966812L, 398593266L, -370948755L, -695172441L, 1616211150L, 
314589736L, -1136594389L, -309536695L, 634915160L, 2062225414L, 
75661793L, -797201549L, -154673182L, 312145748L, 1678047831L, 
653474381L, -1280786972L, 1693423562L, -1680983499L, -2015543153L, 
-1965022826L, 1279180096L, -134352893L, -1727663583L, 435393808L, 
408967918L, 808429209L, -801126613L, -1707769318L, 485294300L, 
1097055455L, -192771403L, -963888052L, 10100898L, 386138109L, 
947027191L, 844220958L, -929479464L, 1942493243L, -1945320999L, 
-241838232L, 476699286L, -141892591L, -1431284285L, -1448674862L, 
1430483044L, 794439591L, -1305517827L, 955421940L, 1767601114L, 
-1068685531L, -784110017L, 241292742L, -787123632L, -1844081037L, 
1758216849L, -257967424L, 800136350L, -1840164759L, 575769755L, 
-1517206102L, -959126068L, -915814257L, -1264875323L, 2144536700L, 
-542489390L, -1693475763L, -1907733241L, 1985638638L, -87236152L, 
1490118347L, -1592133847L, -772489352L, 1607001254L, -1061329215L, 
-2017370285L, 1375853570L, 1161390388L, 1309860535L, 1035992749L, 
-537563196L, 323147754L, 1353611349L, -206805521L, 1503809014L, 
-1111901408L, 1363072227L, 2145341825L, 549562352L, 949077646L, 
-1611847175L, 619455371L, -1140920390L, -1276363076L, -313010689L, 
712938325L, -422222740L, 1080918210L, -1708956899L, -408454761L, 
39026942L, -1182829896L, 229223579L, -1765016839L, 804711496L, 
-1517613194L, -772711759L, -1185121565L, 865286578L, -626693628L, 
-625082041L, 815442973L, 220799636L, 1432816186L, -1661369211L, 
1089878367L, 956545510L, -528316304L, -1761272941L, -1087796175L, 
-1100119328L, 1564758910L, -386233847L, 275087931L, 1874164746L, 
821650412L, -1878751121L, -763140187L, -2146373796L, 103002930L, 
-1048774099L, 487389415L, -810919410L, -512653336L, 426170859L, 
-1948087671L, -375512552L, 493619526L, 1166845857L, -146232781L, 
-1313667166L, 1660387988L, -1004021481L, 2108770061L, -1173455324L, 
-85170678L, -145268875L, 144386767L, -931713578L, -399679104L, 
-334480957L, 914648929L, 357914064L, 1674757422L, 1413395673L, 
1651625707L, 1635773274L, -767816420L, -756102113L, 2121396341L, 
-33886964L, 175948002L, 421120445L, -1476948425L, -158849826L, 
277553176L, 1202134907L, 429539097L, 1832502184L, 1894331222L, 
1942645713L, 416087939L, -1000830446L, 1416445348L, 759597415L, 
-537618755L, -1517601228L, -1375361638L, -621772315L, 482717055L, 
-2013772538L, -1833804144L, 1563547443L, -507534127L, 1049026176L, 
-72669346L, 1228571817L, -2027096229L, -1080865430L, 283000844L, 
1753430095L, -341364475L, 702515644L, -233775982L, 797091725L, 
-1669554233L, -196803410L, 935011592L, -21327093L, -984580631L, 
192957112L, -887501466L, 410568193L, 1404416147L, 219237186L, 
-1439038220L, 801632503L, 705964269L, 397839236L, 1701545386L, 
592878357L, 1867106735L, 1028573622L, -1243729952L, 300302115L, 
-72978367L, 1868180272L, 1314087246L, 1956975545L, 2029700555L, 
995554938L, 687913852L, -67890241L, -1229212800L, -1319094764L, 
-1140333016L, 560762170L, -17599024L, 788602988L, 986166580L, 
-1162673518L, -1619490976L, 1606434636L, 141443040L, -1261671518L, 
-921781336L, 301513100L, -1167133508L, -976756366L, 776282352L, 
50733124L, -711439016L, 1815306810L, 1381756784L, 714218556L, 
73145108L, -1292757566L, 6399712L, 408949628L, 1645466320L, -987765598L, 
-361723864L, 267835660L, -449117252L, -1515580110L, 1434497472L, 
75739700L, -1161295928L, -76507974L, 1911773584L, 542138860L, 
-2036461996L, 1295813778L, -913712352L, -1816997428L, -1488138784L, 
-744595774L, 1896194088L, 1433644716L, 953307324L, -670059022L, 
848579888L, 732525732L, -30338376L, -1585141414L, -493956720L, 
1132838780L, 1748097300L, -2142191806L, -1466532096L, -1667120196L, 
330976080L, 501190434L, 966247752L, 87418380L, 210890844L, 1454012626L, 
300590592L, -757552812L, 1781822952L, -518171654L, -1752859440L, 
-1023743700L, 40376052L, -148556398L, -1330978720L, -1452579572L, 
-1031892256L, -780216990L, 694373032L, 399733324L, 1646161276L, 
-72691406L, -1380606864L, 1258971972L, -674407976L, 516107386L, 
1383931440L, 626504380L, -1019524268L, -1340145598L, -1193948768L, 
-1784138052L, -1880279600L, 6901090L, -655966232L, 521277388L, 
434576124L, 494669298L, 2075919488L, -789085964L, 1886806664L, 
1536795450L, 1541128016L, 418378348L, 1910339732L, -1506385582L, 
-479402272L, -937476404L, -288227168L, -717109374L, -1363990808L, 
-1169678612L, 541720636L, -1676202382L, -1347117968L, -985234908L, 
1205612600L, 65394714L, -35989808L, 808082492L, 1738736788L, 
434907266L, -1632727104L, -1176254148L, 1249087120L, -639334366L, 
1477511176L, 1819982988L, 544560156L, 1220215442L, -1042067328L, 
837837844L, 1486274856L, -472090054L, 1649579216L, 346569836L, 
1729355444L, 1102260242L, 42545120L, -2077201460L, -628783648L, 
-47875550L, 1164571944L, 1087433996L, -1868528068L, -761030414L, 
689424112L, 1755258692L, 1589020248L, 525265466L, 1288064752L, 
-1184958276L, 143768084L, 1808334018L, 1936821344L, -1516065412L, 
59996368L, 228650018L, -1233688920L, 1672522636L, -1339763268L, 
201532466L, -1967435968L, -847502156L, 2042666824L, 944460474L, 
1056292624L, 1810154732L, -487814060L, -940560622L, 1173323680L, 
112411596L, -761128096L, 343278786L, -719290840L, 358366636L, 
-663000260L, 1679546226L, 318848816L, 1312822820L, -1733333960L, 
-1463949094L, 1127218576L, -1670079748L, 1739965332L, 1722359618L, 
514074112L, -1271173572L, -2143694256L, -1841873246L, -1457460408L, 
-1741594100L, -1923966756L, -587883950L, 1647655040L, 905143124L, 
-2101129752L, -1553821958L, -506557616L, -1010627540L, -1904223884L, 
-100133230L, 1391328864L, 378836620L, 359028576L, -1215077662L, 
-1084845912L, -95527732L, -966839812L, 1026459570L, -1088345616L, 
-72903228L, -1703677096L, 834457466L, -1356520016L, 1306443196L, 
-11326380L, 322531266L, -514607328L, -1981332548L, -667484592L, 
-1755104798L, -569465496L, 1908479308L, -511615748L, 811909874L, 
-696456448L, 423317108L, 1115700232L, -2114468177L, 1999945576L, 
-110292154L, -1024515341L, -1344144299L, -799969230L, 1674866176L, 
1367842537L, -1436541605L, -1744105556L, 406737850L, 1065717103L, 
-858921223L, -292561010L, -1823786404L, 1902598349L, 254593079L, 
-1855581504L, -432880226L, -1535359381L, 523263469L, -629691302L, 
416324376L, 351633537L, 1774663219L, -1578693548L, 753215586L, 
488939255L, -2009321151L, -2135054394L, -152855292L, 1067242677L, 
1671066527L, -1407157256L, -834570794L, 1552010339L, 924776485L, 
-965902398L, -1068575568L, -1082859303L, -1020168629L, 1856384188L, 
-821603606L, 809317151L, 601766825L, -1875309250L, 937669676L, 
1494766205L, 223136967L, -1840162384L, -934534194L, 397771003L, 
-169408675L, -1392810870L, 1667216040L, 939056657L, -1167192317L, 
2064493060L, 1909035570L, -1763298681L, 1709590225L, -770477994L, 
1442762804L, -324471995L, 513147279L, 691235080L, 1198469926L, 
57396179L, -493572811L, 589360274L, 1799005280L, 1391657417L, 
-3819269L, 1814496972L, -158614694L, 224181839L, 1158462233L, 
-130005714L, 171163452L, 809303213L, -1175113897L, -435314016L, 
-40604674L, -455832885L, 403311821L, -1139732486L, -1041210312L, 
1419691489L, -816632173L, 2069314740L, -279435838L, -343853609L, 
-394339807L, -890828314L, 1502372068L, -1053868011L, 1208098879L, 
840904664L, 75108854L, -1044188669L, 357606725L, -1909673630L, 
72882896L, 992998905L, -429621973L, 42901148L, -1456796470L, 
406005183L, -1044416247L, 250124830L, 785356748L, 1153320349L, 
-832905177L, 1492045392L, 431405806L, -1780915301L, -1589267971L, 
-2110978838L, 355323784L, -954103503L, -759989853L, 252652964L, 
1276448850L, 873644967L, 1180456945L, -1531153610L, 1582104532L, 
-1139014299L, -121083537L, -1685761112L, 2052995334L, 2103695411L, 
1849159317L, -2095192334L, 1900492608L, -2089868119L, 1373198619L, 
424533740L, -746142982L, 1299942191L, 2018841401L, -564378290L, 
-2113555556L, 202258701L, 2067405687L, -1323896960L, 1768668638L, 
-1242422613L, 1160289709L, 134328858L, 1211401432L, -711988927L, 
